tensor([[ 0.0964],
        [ 0.0533],
        [-0.0031],
        [ 0.1008],
        [ 0.0620],
        [-0.0074],
        [-0.0200],
        [ 0.0171],
        [-0.0056],
        [-0.0185],
        [-0.0046],
        [ 0.0259],
        [-0.0336],
        [ 0.0006],
        [-0.0109],
        [-0.0182],
        [-0.0242],
        [-0.0109],
        [-0.0198],
        [-0.0587],
        [ 0.0501],
        [ 0.0456],
        [ 0.0561],
        [ 0.0374],
        [-0.0161],
        [-0.0435],
        [-0.0238],
        [ 0.0611],
        [-0.0451],
        [-0.0083],
        [-0.0881],
        [-0.0193],
        [ 0.0257],
        [ 0.1136],
        [ 0.0532],
        [ 0.0706],
        [-0.0217],
        [-0.0172],
        [ 0.0350],
        [ 0.0354],
        [ 0.0788],
        [-0.0127],
        [-0.0516],
        [ 0.0202],
        [ 0.0673],
        [-0.0170],
        [-0.0313],
        [-0.0610],
        [-0.0182],
        [ 0.0090],
        [ 0.0214],
        [ 0.0052],
        [ 0.0174],
        [-0.0078],
        [-0.0218],
        [-0.0022],
        [ 0.0790],
        [ 0.0071],
        [ 0.0736],
        [-0.0419],
        [ 0.0213],
        [-0.0402],
        [ 0.0538],
        [ 0.0419],
        [-0.0033],
        [-0.0354],
        [ 0.0837],
        [-0.0197],
        [-0.0319],
        [-0.0462],
        [-0.0450],
        [ 0.0279],
        [ 0.0144],
        [-0.0306],
        [ 0.0163],
        [-0.0017],
        [ 0.0041],
        [-0.0240],
        [-0.0374],
        [ 0.0501],
        [ 0.0794],
        [-0.0166],
        [-0.0018],
        [-0.0467],
        [ 0.0665],
        [ 0.0282],
        [-0.0265],
        [ 0.0767],
        [ 0.0748],
        [-0.0374],
        [ 0.0684],
        [-0.0501],
        [-0.0306],
        [-0.0443],
        [ 0.0687],
        [ 0.1028],
        [-0.0061],
        [ 0.0451],
        [ 0.0382],
        [ 0.0353]], grad_fn=<SliceBackward0>)tensor([[1.],
        [1.],
        [1.],
        [1.],
        [1.],
        [1.],
        [1.],
        [1.],
        [1.],
        [1.],
        [1.],
        [1.],
        [1.],
        [1.],
        [1.],
        [1.],
        [1.],
        [1.],
        [1.],
        [1.],
        [1.],
        [1.],
        [1.],
        [1.],
        [1.],
        [1.],
        [1.],
        [1.],
        [1.],
        [1.],
        [1.],
        [1.],
        [1.],
        [1.],
        [1.],
        [1.],
        [1.],
        [1.],
        [1.],
        [1.],
        [1.],
        [1.],
        [1.],
        [1.],
        [1.],
        [1.],
        [1.],
        [1.],
        [1.],
        [1.],
        [1.],
        [1.],
        [1.],
        [1.],
        [1.],
        [1.],
        [1.],
        [1.],
        [1.],
        [1.],
        [1.],
        [1.],
        [1.],
        [1.],
        [1.],
        [1.],
        [1.],
        [1.],
        [1.],
        [1.],
        [1.],
        [1.],
        [1.],
        [1.],
        [1.],
        [1.],
        [1.],
        [1.],
        [1.],
        [1.],
        [1.],
        [1.],
        [1.],
        [1.],
        [1.],
        [1.],
        [1.],
        [1.],
        [1.],
        [1.],
        [1.],
        [1.],
        [1.],
        [1.],
        [1.],
        [1.],
        [1.],
        [1.],
        [1.],
        [1.]])Loss: 0.010105516761541367 | Accuracy: 0.0
